01000011
01010101
01000110
10000110
01010111
00100110
01010101
11000010
01110111
00110010
00000110
00010010
00000110
01100111
00100110
11110110
11110110
01000010
00000111
01110110
10000110
11110010
00000111
00100110
01010110
00010110
11000110
11000111
10010010
00000110
10110110
11100110
11110111
01110111
00110010
00000111
01110110
10000110
01010111
00100110
01010010
00000110
10000110
10010111
00110010
00000111
01000110
11110111
01110110
01010110
11000010
00000110
10010111
00110010
11100000
11101100
00010001
11101100
00010001
11101100
00010001
11101100
